1
1.000000,0.000000,0.000000,0.000000,0.998111,0.061442
0.000000,0.999997,0.999997,0.999997,-0.000143,0.002903
0.000000,-0.002329,-0.002329,-0.002329,-0.061442,0.998106
0.000000,0.499775,0.283204,0.073860,0.000003,-0.000000
-0.499774,-0.000038,-0.000329,-0.000011,-0.074000,0.000000
0.001207,-0.016316,-0.141203,-0.004547,0.000215,-0.000000
2
1.000000,0.000000,0.000000,0.000000,0.998050,0.062424
0.000000,1.000000,1.000000,1.000000,-0.000044,0.004381
0.000000,-0.000713,-0.000713,-0.000713,-0.062424,0.998040
0.000000,0.499329,0.282770,0.073855,0.000017,0.000000
-0.499328,-0.000012,-0.000101,-0.000003,-0.073999,0.000000
0.000627,-0.017022,-0.141932,-0.004619,0.000324,-0.000000
3
1.000000,0.000000,0.000000,0.000000,0.998111,0.061443
0.000000,0.999997,0.999997,0.999997,-0.000143,0.002905
0.000000,-0.002331,-0.002331,-0.002331,-0.061443,0.998106
0.000000,0.499774,0.283204,0.073860,0.000003,0.000000
-0.499772,-0.000038,-0.000329,-0.000011,-0.074000,0.000000
0.001208,-0.016314,-0.141203,-0.004547,0.000215,-0.000000
4
1.000000,0.000000,0.000000,0.000000,0.998048,0.062447
0.000000,1.000000,1.000000,1.000000,-0.000044,0.004385
0.000000,-0.000712,-0.000712,-0.000712,-0.062447,0.998039
0.000000,0.499325,0.282768,0.073855,0.000017,-0.000000
-0.499325,-0.000012,-0.000101,-0.000003,-0.073999,0.000000
0.000627,-0.017025,-0.141936,-0.004621,0.000324,-0.000000
5
1.000000,0.000000,0.000000,0.000000,0.998095,0.061699
0.000000,0.999997,0.999997,0.999997,-0.000144,0.002918
0.000000,-0.002334,-0.002334,-0.002334,-0.061699,0.998091
0.000000,0.499734,0.283167,0.073859,0.000003,-0.000000
-0.499733,-0.000038,-0.000330,-0.000011,-0.074000,0.000000
0.001210,-0.016382,-0.141277,-0.004566,0.000216,-0.000000
6
1.000000,0.000000,0.000000,0.000000,0.998050,0.062420
0.000000,1.000000,1.000000,1.000000,-0.000044,0.004392
0.000000,-0.000707,-0.000707,-0.000707,-0.062420,0.998040
0.000000,0.499280,0.282767,0.073855,0.000017,-0.000000
-0.499280,-0.000012,-0.000100,-0.000003,-0.073999,0.000000
0.000626,-0.016946,-0.141935,-0.004619,0.000325,0.000000
7
1.000000,0.000000,0.000000,0.000000,0.998065,0.062185
0.000000,0.999997,0.999997,0.999997,-0.000145,0.002935
0.000000,-0.002339,-0.002339,-0.002339,-0.062185,0.998060
0.000000,0.499661,0.283098,0.073857,0.000003,-0.000000
-0.499659,-0.000039,-0.000331,-0.000011,-0.074000,-0.000000
0.001213,-0.016512,-0.141415,-0.004602,0.000217,0.000000
8
1.000000,0.000000,0.000000,0.000000,0.998040,0.062581
0.000000,1.000000,1.000000,1.000000,-0.000044,0.004402
0.000000,-0.000703,-0.000703,-0.000703,-0.062582,0.998030
0.000000,0.499200,0.282740,0.073854,0.000017,-0.000000
-0.499200,-0.000012,-0.000100,-0.000003,-0.073999,0.000000
0.000625,-0.016907,-0.141987,-0.004631,0.000325,0.000000
9
1.000000,0.000000,0.000000,0.000000,0.998037,0.062635
0.000000,0.999997,0.999997,0.999997,-0.000147,0.002950
0.000000,-0.002345,-0.002345,-0.002345,-0.062635,0.998032
0.000000,0.499556,0.283032,0.073855,0.000003,-0.000000
-0.499554,-0.000039,-0.000332,-0.000011,-0.074000,-0.000000
0.001216,-0.016577,-0.141546,-0.004635,0.000219,0.000000
10
1.000000,0.000000,0.000000,0.000000,0.998022,0.062863
0.000000,1.000000,1.000000,1.000000,-0.000044,0.004418
0.000000,-0.000700,-0.000700,-0.000700,-0.062863,0.998012
0.000000,0.499088,0.282696,0.073853,0.000017,-0.000000
-0.499088,-0.000012,-0.000099,-0.000003,-0.073999,-0.000000
0.000625,-0.016875,-0.142073,-0.004652,0.000327,0.000000
11
1.000000,0.000000,0.000000,0.000000,0.998012,0.063026
0.000000,0.999997,0.999997,0.999997,-0.000148,0.002974
0.000000,-0.002351,-0.002351,-0.002351,-0.063026,0.998007
0.000000,0.499420,0.282976,0.073853,0.000003,-0.000000
-0.499418,-0.000039,-0.000333,-0.000011,-0.074000,0.000000
0.001221,-0.016550,-0.141658,-0.004664,0.000220,-0.000000
12
1.000000,0.000000,0.000000,0.000000,0.997997,0.063257
0.000000,1.000000,1.000000,1.000000,-0.000044,0.004436
0.000000,-0.000698,-0.000698,-0.000698,-0.063257,0.997987
0.000000,0.498947,0.282637,0.073851,0.000018,0.000000
-0.498947,-0.000012,-0.000099,-0.000003,-0.073999,-0.000000
0.000625,-0.016851,-0.142190,-0.004681,0.000328,0.000000
13
1.000000,0.000000,0.000000,0.000000,0.997980,0.063525
0.000000,0.999997,0.999997,0.999997,-0.000150,0.002997
0.000000,-0.002358,-0.002358,-0.002358,-0.063525,0.997976
0.000000,0.499254,0.282905,0.073851,0.000003,0.000000
-0.499253,-0.000039,-0.000334,-0.000011,-0.074000,0.000000
0.001225,-0.016529,-0.141800,-0.004701,0.000222,-0.000000
14
1.000000,0.000000,0.000000,0.000000,0.997965,0.063758
0.000000,1.000000,1.000000,1.000000,-0.000044,0.004455
0.000000,-0.000697,-0.000697,-0.000697,-0.063758,0.997955
0.000000,0.498776,0.282562,0.073849,0.000018,0.000000
-0.498775,-0.000012,-0.000099,-0.000003,-0.073999,-0.000000
0.000626,-0.016832,-0.142337,-0.004718,0.000329,0.000000
15
1.000000,0.000000,0.000000,0.000000,0.997942,0.064130
0.000000,0.999997,0.999997,0.999997,-0.000152,0.003021
0.000000,-0.002366,-0.002366,-0.002366,-0.064130,0.997937
0.000000,0.499060,0.282818,0.073848,0.000003,-0.000000
-0.499058,-0.000039,-0.000336,-0.000011,-0.074000,0.000000
0.001229,-0.016515,-0.141972,-0.004746,0.000224,0.000000
16
1.000000,0.000000,0.000000,0.000000,0.997927,0.064360
0.000000,1.000000,1.000000,1.000000,-0.000045,0.004476
0.000000,-0.000696,-0.000696,-0.000696,-0.064360,0.997917
0.000000,0.498576,0.282472,0.073846,0.000018,0.000000
-0.498576,-0.000012,-0.000099,-0.000003,-0.073999,-0.000000
0.000627,-0.016817,-0.142512,-0.004763,0.000331,0.000000
17
1.000000,0.000000,0.000000,0.000000,0.997896,0.064833
0.000000,0.999997,0.999997,0.999997,-0.000154,0.003045
0.000000,-0.002375,-0.002375,-0.002375,-0.064833,0.997891
0.000000,0.498837,0.282718,0.073844,0.000003,0.000000
-0.498836,-0.000039,-0.000338,-0.000011,-0.074000,-0.000000
0.001235,-0.016504,-0.142172,-0.004798,0.000226,0.000000
18
1.000000,0.000000,0.000000,0.000000,0.997881,0.065058
0.000000,1.000000,1.000000,1.000000,-0.000045,0.004497
0.000000,-0.000696,-0.000696,-0.000696,-0.065058,0.997871
0.000000,0.498348,0.282369,0.073843,0.000018,-0.000000
-0.498347,-0.000012,-0.000099,-0.000003,-0.073999,-0.000000
0.000628,-0.016804,-0.142715,-0.004814,0.000332,0.000000
19
1.000000,0.000000,0.000000,0.000000,0.997844,0.065628
0.000000,0.999997,0.999997,0.999997,-0.000156,0.003070
0.000000,-0.002385,-0.002385,-0.002385,-0.065628,0.997839
0.000000,0.498587,0.282604,0.073840,0.000003,0.000000
-0.498585,-0.000039,-0.000340,-0.000012,-0.074000,-0.000000
0.001240,-0.016496,-0.142398,-0.004856,0.000227,0.000000
20
1.000000,0.000000,0.000000,0.000000,0.997830,0.065847
0.000000,1.000000,1.000000,1.000000,-0.000046,0.004518
0.000000,-0.000696,-0.000696,-0.000696,-0.065847,0.997820
0.000000,0.498092,0.282253,0.073839,0.000019,0.000000
-0.498091,-0.000012,-0.000099,-0.000003,-0.073999,-0.000000
0.000630,-0.016793,-0.142943,-0.004873,0.000334,0.000000
21
1.000000,0.000000,0.000000,0.000000,0.997786,0.066512
0.000000,0.999997,0.999997,0.999997,-0.000159,0.003095
0.000000,-0.002396,-0.002396,-0.002396,-0.066511,0.997781
0.000000,0.498309,0.282477,0.073836,0.000003,-0.000000
-0.498308,-0.000039,-0.000342,-0.000012,-0.074000,0.000000
0.001246,-0.016488,-0.142649,-0.004922,0.000229,-0.000000
22
1.000000,0.000000,0.000000,0.000000,0.997771,0.066724
0.000000,1.000000,1.000000,1.000000,-0.000046,0.004541
0.000000,-0.000696,-0.000696,-0.000696,-0.066724,0.997761
0.000000,0.497809,0.282125,0.073835,0.000019,0.000000
-0.497808,-0.000012,-0.000100,-0.000003,-0.073999,-0.000000
0.000631,-0.016782,-0.143196,-0.004938,0.000335,0.000000
23
1.000000,0.000000,0.000000,0.000000,0.997721,0.067480
0.000000,0.999997,0.999997,0.999997,-0.000162,0.003121
0.000000,-0.002408,-0.002408,-0.002408,-0.067480,0.997716
0.000000,0.498006,0.282338,0.073831,0.000004,0.000000
-0.498004,-0.000040,-0.000344,-0.000012,-0.074000,0.000000
0.001252,-0.016481,-0.142923,-0.004994,0.000231,-0.000000
24
1.000000,0.000000,0.000000,0.000000,0.997707,0.067686
0.000000,1.000000,1.000000,1.000000,-0.000047,0.004564
0.000000,-0.000698,-0.000698,-0.000698,-0.067687,0.997696
0.000000,0.497499,0.281983,0.073830,0.000019,0.000000
-0.497499,-0.000012,-0.000100,-0.000003,-0.073999,-0.000000
0.000633,-0.016772,-0.143472,-0.005009,0.000337,0.000000
25
1.000000,0.000000,0.000000,0.000000,0.997649,0.068531
0.000000,0.999997,0.999997,0.999997,-0.000166,0.003148
0.000000,-0.002421,-0.002421,-0.002421,-0.068531,0.997644
0.000000,0.497676,0.282187,0.073826,0.000004,-0.000000
-0.497674,-0.000040,-0.000347,-0.000012,-0.074000,-0.000000
0.001259,-0.016475,-0.143222,-0.005071,0.000233,0.000000
26
1.000000,0.000000,0.000000,0.000000,0.997635,0.068732
0.000000,1.000000,1.000000,1.000000,-0.000048,0.004589
0.000000,-0.000700,-0.000700,-0.000700,-0.068733,0.997625
0.000000,0.497163,0.281830,0.073824,0.000020,-0.000000
-0.497163,-0.000012,-0.000101,-0.000004,-0.073999,0.000000
0.000636,-0.016762,-0.143772,-0.005086,0.000339,-0.000000
27
1.000000,0.000000,0.000000,0.000000,0.997571,0.069663
0.000000,0.999997,0.999997,0.999997,-0.000170,0.003175
0.000000,-0.002434,-0.002434,-0.002434,-0.069663,0.997566
0.000000,0.497320,0.282024,0.073820,0.000004,0.000000
-0.497319,-0.000040,-0.000349,-0.000013,-0.074000,0.000000
0.001266,-0.016470,-0.143542,-0.005155,0.000235,-0.000000
28
1.000000,0.000000,0.000000,0.000000,0.997557,0.069859
0.000000,1.000000,1.000000,1.000000,-0.000049,0.004615
0.000000,-0.000703,-0.000703,-0.000703,-0.069859,0.997546
0.000000,0.496801,0.281664,0.073819,0.000020,0.000000
-0.496801,-0.000012,-0.000101,-0.000004,-0.073999,-0.000000
0.000639,-0.016752,-0.144095,-0.005170,0.000341,0.000000
29
1.000000,0.000000,0.000000,0.000000,0.997485,0.070874
0.000000,0.999997,0.999997,0.999997,-0.000174,0.003203
0.000000,-0.002449,-0.002449,-0.002449,-0.070874,0.997480
0.000000,0.496940,0.281849,0.073814,0.000004,0.000000
-0.496938,-0.000040,-0.000352,-0.000013,-0.074000,-0.000000
0.001273,-0.016465,-0.143885,-0.005245,0.000237,0.000000
30
1.000000,0.000000,0.000000,0.000000,0.997472,0.071064
0.000000,1.000000,1.000000,1.000000,-0.000050,0.004642
0.000000,-0.000706,-0.000706,-0.000706,-0.071065,0.997461
0.000000,0.496414,0.281487,0.073812,0.000021,-0.000000
-0.496414,-0.000012,-0.000102,-0.000004,-0.073999,-0.000000
0.000642,-0.016743,-0.144439,-0.005259,0.000343,0.000000
31
1.000000,0.000000,0.000000,0.000000,0.997393,0.072162
0.000000,0.999997,0.999997,0.999997,-0.000178,0.003231
0.000000,-0.002465,-0.002465,-0.002465,-0.072162,0.997388
0.000000,0.496535,0.281663,0.073807,0.000004,-0.000000
-0.496533,-0.000041,-0.000356,-0.000013,-0.074000,-0.000000
0.001281,-0.016461,-0.144250,-0.005340,0.000239,0.000000
32
1.000000,0.000000,0.000000,0.000000,0.997380,0.072347
0.000000,1.000000,1.000000,1.000000,-0.000051,0.004671
0.000000,-0.000710,-0.000710,-0.000710,-0.072347,0.997369
0.000000,0.496003,0.281298,0.073806,0.000021,0.000000
-0.496002,-0.000012,-0.000103,-0.000004,-0.073999,-0.000000
0.000645,-0.016735,-0.144805,-0.005354,0.000345,0.000000
33
1.000000,0.000000,0.000000,0.000000,0.997293,0.073526
0.000000,0.999997,0.999997,0.999997,-0.000182,0.003260
0.000000,-0.002482,-0.002482,-0.002482,-0.073526,0.997288
0.000000,0.496105,0.281465,0.073800,0.000004,-0.000000
-0.496104,-0.000041,-0.000359,-0.000014,-0.074000,0.000000
0.001289,-0.016458,-0.144635,-0.005441,0.000242,-0.000000
34
1.000000,0.000000,0.000000,0.000000,0.997280,0.073705
0.000000,1.000000,1.000000,1.000000,-0.000053,0.004700
0.000000,-0.000714,-0.000714,-0.000714,-0.073705,0.997269
0.000000,0.495566,0.281098,0.073798,0.000022,0.000000
-0.495566,-0.000012,-0.000104,-0.000004,-0.073999,0.000000
0.000649,-0.016727,-0.145193,-0.005454,0.000347,-0.000000
35
1.000000,0.000000,0.000000,0.000000,0.997186,0.074965
0.000000,0.999997,0.999997,0.999997,-0.000187,0.003289
0.000000,-0.002499,-0.002499,-0.002499,-0.074964,0.997181
0.000000,0.495651,0.281256,0.073792,0.000004,0.000000
-0.495650,-0.000041,-0.000362,-0.000014,-0.074000,0.000000
0.001298,-0.016456,-0.145042,-0.005547,0.000244,-0.000000
36
1.000000,0.000000,0.000000,0.000000,0.997173,0.075137
0.000000,1.000000,1.000000,1.000000,-0.000054,0.004730
0.000000,-0.000720,-0.000720,-0.000720,-0.075138,0.997162
0.000000,0.495106,0.280886,0.073790,0.000022,-0.000000
-0.495105,-0.000012,-0.000105,-0.000004,-0.073999,0.000000
0.000653,-0.016720,-0.145600,-0.005560,0.000349,-0.000000
37
1.000000,0.000000,0.000000,0.000000,0.997071,0.076476
0.000000,0.999997,0.999997,0.999997,-0.000193,0.003318
0.000000,-0.002517,-0.002517,-0.002517,-0.076475,0.997066
0.000000,0.495174,0.281035,0.073783,0.000005,0.000000
-0.495172,-0.000041,-0.000366,-0.000014,-0.074000,-0.000000
0.001306,-0.016455,-0.145468,-0.005659,0.000246,0.000000
38
1.000000,0.000000,0.000000,0.000000,0.997059,0.076643
0.000000,1.000000,1.000000,1.000000,-0.000056,0.004761
0.000000,-0.000725,-0.000725,-0.000725,-0.076644,0.997047
0.000000,0.494621,0.280663,0.073782,0.000023,0.000000
-0.494621,-0.000012,-0.000106,-0.000004,-0.073999,0.000000
0.000658,-0.016715,-0.146028,-0.005672,0.000352,-0.000000
39
1.000000,0.000000,0.000000,0.000000,0.996949,0.078059
0.000000,0.999997,0.999997,0.999997,-0.000198,0.003348
0.000000,-0.002536,-0.002536,-0.002536,-0.078058,0.996943
0.000000,0.494672,0.280803,0.073774,0.000005,0.000000
-0.494671,-0.000042,-0.000370,-0.000015,-0.074000,-0.000000
0.001315,-0.016455,-0.145915,-0.005776,0.000248,0.000000
40
1.000000,0.000000,0.000000,0.000000,0.996936,0.078220
0.000000,1.000000,1.000000,1.000000,-0.000057,0.004793
0.000000,-0.000732,-0.000732,-0.000732,-0.078221,0.996925
0.000000,0.494113,0.280429,0.073773,0.000024,0.000000
-0.494112,-0.000012,-0.000107,-0.000004,-0.073999,0.000000
0.000662,-0.016710,-0.146476,-0.005788,0.000354,-0.000000
41
1.000000,0.000000,0.000000,0.000000,0.996818,0.079712
0.000000,0.999997,0.999997,0.999997,-0.000204,0.003379
0.000000,-0.002556,-0.002556,-0.002556,-0.079712,0.996812
0.000000,0.494148,0.280560,0.073765,0.000005,-0.000000
-0.494146,-0.000042,-0.000374,-0.000015,-0.074000,0.000000
0.001325,-0.016457,-0.146381,-0.005899,0.000250,-0.000000
42
1.000000,0.000000,0.000000,0.000000,0.996805,0.079868
0.000000,1.000000,1.000000,1.000000,-0.000059,0.004826
0.000000,-0.000738,-0.000738,-0.000738,-0.079869,0.996794
0.000000,0.493581,0.280184,0.073763,0.000024,0.000000
-0.493580,-0.000012,-0.000108,-0.000004,-0.073999,0.000000
0.000667,-0.016707,-0.146944,-0.005910,0.000356,-0.000000
43
1.000000,0.000000,0.000000,0.000000,0.996679,0.081435
0.000000,0.999997,0.999997,0.999997,-0.000210,0.003409
0.000000,-0.002576,-0.002576,-0.002576,-0.081435,0.996673
0.000000,0.493600,0.280307,0.073754,0.000005,0.000000
-0.493598,-0.000042,-0.000378,-0.000016,-0.074000,-0.000000
0.001334,-0.016460,-0.146866,-0.006026,0.000253,0.000000
44
1.000000,0.000000,0.000000,0.000000,0.996666,0.081586
0.000000,1.000000,1.000000,1.000000,-0.000061,0.004860
0.000000,-0.000745,-0.000745,-0.000745,-0.081586,0.996654
0.000000,0.493026,0.279927,0.073753,0.000025,0.000000
-0.493025,-0.000012,-0.000110,-0.000005,-0.073999,0.000000
0.000672,-0.016705,-0.147430,-0.006037,0.000359,-0.000000
45
1.000000,0.000000,0.000000,0.000000,0.996531,0.083227
0.000000,0.999997,0.999997,0.999997,-0.000216,0.003440
0.000000,-0.002597,-0.002597,-0.002597,-0.083227,0.996525
0.000000,0.493029,0.280042,0.073743,0.000005,-0.000000
-0.493027,-0.000043,-0.000383,-0.000016,-0.074000,0.000000
0.001344,-0.016465,-0.147371,-0.006159,0.000255,-0.000000
46
1.000000,0.000000,0.000000,0.000000,0.996518,0.083372
0.000000,1.000000,1.000000,1.000000,-0.000063,0.004894
0.000000,-0.000753,-0.000753,-0.000753,-0.083372,0.996507
0.000000,0.492448,0.279660,0.073742,0.000026,-0.000000
-0.492447,-0.000013,-0.000111,-0.000005,-0.073999,-0.000000
0.000677,-0.016705,-0.147936,-0.006170,0.000361,0.000000
47
1.000000,0.000000,0.000000,0.000000,0.996374,0.085086
0.000000,0.999997,0.999997,0.999997,-0.000223,0.003471
0.000000,-0.002619,-0.002619,-0.002619,-0.085086,0.996368
0.000000,0.492435,0.279766,0.073732,0.000005,-0.000000
-0.492433,-0.000043,-0.000387,-0.000016,-0.074000,0.000000
0.001353,-0.016472,-0.147894,-0.006296,0.000257,-0.000000
48
1.000000,0.000000,0.000000,0.000000,0.996362,0.085225
0.000000,1.000000,1.000000,1.000000,-0.000065,0.004929
0.000000,-0.000761,-0.000761,-0.000761,-0.085226,0.996349
0.000000,0.491846,0.279382,0.073730,0.000026,0.000000
-0.491846,-0.000013,-0.000113,-0.000005,-0.073999,-0.000000
0.000683,-0.016707,-0.148460,-0.006307,0.000364,-0.000000
49
1.000000,0.000000,0.000000,0.000000,0.996207,0.087013
0.000000,0.999997,0.999997,0.999997,-0.000230,0.003503
0.000000,-0.002641,-0.002641,-0.002641,-0.087012,0.996201
0.000000,0.491818,0.279479,0.073719,0.000006,-0.000000
-0.491816,-0.000044,-0.000392,-0.000017,-0.074000,-0.000000
0.001363,-0.016480,-0.148435,-0.006439,0.000260,0.000000
50
1.000000,0.000000,0.000000,0.000000,0.996195,0.087146
0.000000,1.000000,1.000000,1.000000,-0.000067,0.004965
0.000000,-0.000770,-0.000770,-0.000770,-0.087147,0.996183
0.000000,0.491222,0.279092,0.073718,0.000027,0.000000
-0.491222,-0.000013,-0.000115,-0.000005,-0.073999,0.000000
0.000689,-0.016711,-0.149002,-0.006449,0.000366,-0.000000
51
1.000000,0.000000,0.000000,0.000000,0.996031,0.089005
0.000000,0.999996,0.999996,0.999996,-0.000237,0.003534
0.000000,-0.002664,-0.002664,-0.002664,-0.089005,0.996025
0.000000,0.491179,0.279181,0.073706,0.000006,-0.000000
-0.491177,-0.000044,-0.000397,-0.000018,-0.074000,-0.000000
0.001373,-0.016491,-0.148994,-0.006586,0.000262,0.000000
52
1.000000,0.000000,0.000000,0.000000,0.996020,0.089133
0.000000,1.000000,1.000000,1.000000,-0.000069,0.005002
0.000000,-0.000778,-0.000778,-0.000778,-0.089134,0.996007
0.000000,0.490575,0.278792,0.073705,0.000028,0.000000
-0.490575,-0.000013,-0.000116,-0.000005,-0.073999,0.000000
0.000695,-0.016717,-0.149562,-0.006596,0.000369,-0.000000
53
1.000000,0.000000,0.000000,0.000000,0.995845,0.091062
0.000000,0.999996,0.999996,0.999996,-0.000245,0.003565
0.000000,-0.002687,-0.002687,-0.002687,-0.091062,0.995839
0.000000,0.490516,0.278872,0.073693,0.000006,-0.000000
-0.490514,-0.000044,-0.000402,-0.000018,-0.074000,-0.000000
0.001384,-0.016504,-0.149571,-0.006739,0.000264,0.000000
54
1.000000,0.000000,0.000000,0.000000,0.995834,0.091185
0.000000,1.000000,1.000000,1.000000,-0.000072,0.005039
0.000000,-0.000788,-0.000788,-0.000788,-0.091186,0.995821
0.000000,0.489906,0.278481,0.073691,0.000029,0.000000
-0.489905,-0.000013,-0.000118,-0.000005,-0.073999,0.000000
0.000701,-0.016725,-0.150139,-0.006748,0.000372,-0.000000
55
1.000000,0.000000,0.000000,0.000000,0.995649,0.093184
0.000000,0.999996,0.999996,0.999996,-0.000253,0.003597
0.000000,-0.002710,-0.002710,-0.002710,-0.093184,0.995642
0.000000,0.489831,0.278553,0.073678,0.000006,0.000000
-0.489829,-0.000045,-0.000407,-0.000019,-0.074000,-0.000000
0.001394,-0.016520,-0.150166,-0.006896,0.000267,0.000000
56
1.000000,0.000000,0.000000,0.000000,0.995638,0.093302
0.000000,1.000000,1.000000,1.000000,-0.000074,0.005076
0.000000,-0.000797,-0.000797,-0.000797,-0.093302,0.995625
0.000000,0.489213,0.278158,0.073677,0.000030,0.000000
-0.489213,-0.000013,-0.000120,-0.000006,-0.073999,-0.000000
0.000707,-0.016736,-0.150735,-0.006904,0.000375,0.000000
57
1.000000,0.000000,0.000000,0.000000,0.995442,0.095370
0.000000,0.999996,0.999996,0.999996,-0.000261,0.003628
0.000000,-0.002734,-0.002734,-0.002734,-0.095370,0.995435
0.000000,0.489124,0.278222,0.073663,0.000006,-0.000000
-0.489122,-0.000045,-0.000412,-0.000019,-0.074000,-0.000000
0.001404,-0.016538,-0.150777,-0.007057,0.000269,0.000000
58
1.000000,0.000000,0.000000,0.000000,0.995431,0.095482
0.000000,1.000000,1.000000,1.000000,-0.000077,0.005115
0.000000,-0.000807,-0.000807,-0.000807,-0.095483,0.995418
0.000000,0.488499,0.277825,0.073661,0.000030,0.000000
-0.488498,-0.000014,-0.000122,-0.000006,-0.073999,-0.000000
0.000713,-0.016749,-0.151347,-0.007066,0.000377,0.000000
59
1.000000,0.000000,0.000000,0.000000,0.995224,0.097619
0.000000,0.999996,0.999996,0.999996,-0.000269,0.003660
0.000000,-0.002758,-0.002758,-0.002758,-0.097619,0.995217
0.000000,0.488394,0.277880,0.073647,0.000007,-0.000000
-0.488392,-0.000046,-0.000418,-0.000020,-0.074000,0.000000
0.001415,-0.016559,-0.151406,-0.007224,0.000271,-0.000000
60
1.000000,0.000000,0.000000,0.000000,0.995213,0.097726
0.000000,1.000000,1.000000,1.000000,-0.000080,0.005156
0.000000,-0.000817,-0.000817,-0.000817,-0.097727,0.995200
0.000000,0.487761,0.277481,0.073645,0.000031,0.000000
-0.487761,-0.000014,-0.000124,-0.000006,-0.073999,0.000000
0.000720,-0.016764,-0.151976,-0.007232,0.000380,-0.000000
61
1.000000,0.000000,0.000000,0.000000,0.994994,0.099931
0.000000,0.999996,0.999996,0.999996,-0.000278,0.003691
0.000000,-0.002782,-0.002782,-0.002782,-0.099931,0.994988
0.000000,0.487641,0.277527,0.073630,0.000007,0.000000
-0.487639,-0.000046,-0.000423,-0.000021,-0.073999,0.000000
0.001425,-0.016582,-0.152052,-0.007395,0.000274,-0.000000
62
1.000000,0.000000,0.000000,0.000000,0.994984,0.100032
0.000000,1.000000,1.000000,1.000000,-0.000083,0.005196
0.000000,-0.000828,-0.000828,-0.000828,-0.100033,0.994971
0.000000,0.487001,0.277125,0.073628,0.000032,0.000000
-0.487000,-0.000014,-0.000126,-0.000006,-0.073999,0.000000
0.000727,-0.016783,-0.152622,-0.007402,0.000383,-0.000000
63
1.000000,0.000000,0.000000,0.000000,0.994753,0.102305
0.000000,0.999996,0.999996,0.999996,-0.000287,0.003723
0.000000,-0.002807,-0.002807,-0.002807,-0.102304,0.994746
0.000000,0.486865,0.277163,0.073612,0.000007,-0.000000
-0.486863,-0.000047,-0.000429,-0.000021,-0.073999,-0.000000
0.001436,-0.016608,-0.152714,-0.007571,0.000276,0.000000
64
1.000000,0.000000,0.000000,0.000000,0.994743,0.102401
0.000000,1.000000,1.000000,1.000000,-0.000086,0.005237
0.000000,-0.000838,-0.000838,-0.000838,-0.102402,0.994729
0.000000,0.486218,0.276759,0.073610,0.000033,0.000000
-0.486218,-0.000014,-0.000128,-0.000006,-0.073999,0.000000
0.000733,-0.016805,-0.153285,-0.007578,0.000386,-0.000000
65
1.000000,0.000000,0.000000,0.000000,0.994500,0.104740
0.000000,0.999996,0.999996,0.999996,-0.000297,0.003755
0.000000,-0.002832,-0.002832,-0.002832,-0.104740,0.994493
0.000000,0.486067,0.276788,0.073593,0.000007,0.000000
-0.486065,-0.000047,-0.000434,-0.000022,-0.073999,0.000000
0.001446,-0.016638,-0.153393,-0.007751,0.000279,-0.000000
66
1.000000,0.000000,0.000000,0.000000,0.994490,0.104831
0.000000,1.000000,1.000000,1.000000,-0.000089,0.005278
0.000000,-0.000849,-0.000849,-0.000849,-0.104832,0.994476
0.000000,0.485413,0.276381,0.073592,0.000034,-0.000000
-0.485412,-0.000014,-0.000131,-0.000007,-0.073999,0.000000
0.000740,-0.016829,-0.153964,-0.007758,0.000389,-0.000000
67
1.000000,0.000000,0.000000,0.000000,0.994234,0.107237
0.000000,0.999996,0.999996,0.999996,-0.000306,0.003787
0.000000,-0.002858,-0.002858,-0.002858,-0.107236,0.994226
0.000000,0.485246,0.276402,0.073573,0.000008,0.000000
-0.485244,-0.000048,-0.000440,-0.000023,-0.073999,-0.000000
0.001457,-0.016670,-0.154088,-0.007935,0.000281,0.000000
68
1.000000,0.000000,0.000000,0.000000,0.994224,0.107323
0.000000,1.000000,1.000000,1.000000,-0.000092,0.005319
0.000000,-0.000860,-0.000860,-0.000860,-0.107324,0.994210
0.000000,0.484584,0.275992,0.073572,0.000035,0.000000
-0.484584,-0.000015,-0.000133,-0.000007,-0.073999,-0.000000
0.000747,-0.016857,-0.154659,-0.007942,0.000392,-0.000000
69
1.000000,0.000000,0.000000,0.000000,0.993954,0.109794
0.000000,0.999996,0.999996,0.999996,-0.000317,0.003818
0.000000,-0.002884,-0.002884,-0.002884,-0.109793,0.993947
0.000000,0.484403,0.276004,0.073553,0.000008,-0.000000
-0.484400,-0.000048,-0.000446,-0.000023,-0.073999,0.000000
0.001467,-0.016705,-0.154799,-0.008125,0.000283,-0.000000
70
1.000000,0.000000,0.000000,0.000000,0.993945,0.109875
0.000000,1.000000,1.000000,1.000000,-0.000096,0.005361
0.000000,-0.000872,-0.000872,-0.000872,-0.109876,0.993931
0.000000,0.483733,0.275592,0.073551,0.000037,0.000000
-0.483733,-0.000015,-0.000135,-0.000007,-0.073999,-0.000000
0.000754,-0.016888,-0.155370,-0.008131,0.000395,0.000000
71
1.000000,0.000000,0.000000,0.000000,0.993662,0.112411
0.000000,0.999996,0.999996,0.999996,-0.000327,0.003849
0.000000,-0.002910,-0.002910,-0.002910,-0.112411,0.993654
0.000000,0.483536,0.275595,0.073531,0.000008,-0.000000
-0.483534,-0.000049,-0.000453,-0.000024,-0.073999,0.000000
0.001478,-0.016744,-0.155526,-0.008318,0.000286,-0.000000
72
1.000000,0.000000,0.000000,0.000000,0.993653,0.112487
0.000000,1.000000,1.000000,1.000000,-0.000099,0.005402
0.000000,-0.000883,-0.000883,-0.000883,-0.112488,0.993639
0.000000,0.482859,0.275181,0.073530,0.000038,0.000000
-0.482859,-0.000015,-0.000138,-0.000007,-0.073999,0.000000
0.000761,-0.016922,-0.156097,-0.008324,0.000398,-0.000000
73
1.000000,0.000000,0.000000,0.000000,0.993355,0.115088
0.000000,0.999996,0.999996,0.999996,-0.000338,0.003880
0.000000,-0.002936,-0.002936,-0.002936,-0.115088,0.993348
0.000000,0.482646,0.275174,0.073508,0.000008,0.000000
-0.482644,-0.000049,-0.000459,-0.000025,-0.073999,-0.000000
0.001488,-0.016786,-0.156268,-0.008516,0.000288,0.000000
74
1.000000,0.000000,0.000000,0.000000,0.993347,0.115159
0.000000,1.000000,1.000000,1.000000,-0.000103,0.005444
0.000000,-0.000895,-0.000895,-0.000895,-0.115160,0.993332
0.000000,0.481962,0.274758,0.073507,0.000039,0.000000
-0.481962,-0.000015,-0.000140,-0.000008,-0.073999,0.000000
0.000768,-0.016959,-0.156839,-0.008522,0.000401,-0.000000
75
1.000000,0.000000,0.000000,0.000000,0.993034,0.117825
0.000000,0.999996,0.999996,0.999996,-0.000349,0.003910
0.000000,-0.002962,-0.002962,-0.002962,-0.117824,0.993027
0.000000,0.481733,0.274742,0.073485,0.000008,0.000000
-0.481731,-0.000050,-0.000465,-0.000026,-0.073999,-0.000000
0.001499,-0.016832,-0.157026,-0.008719,0.000290,0.000000
76
1.000000,0.000000,0.000000,0.000000,0.993026,0.117891
0.000000,1.000000,1.000000,1.000000,-0.000107,0.005485
0.000000,-0.000906,-0.000906,-0.000906,-0.117892,0.993011
0.000000,0.481042,0.274324,0.073483,0.000040,0.000000
-0.481042,-0.000015,-0.000143,-0.000008,-0.073999,0.000000
0.000775,-0.017000,-0.157597,-0.008724,0.000404,-0.000000
77
1.000000,0.000000,0.000000,0.000000,0.992699,0.120621
0.000000,0.999996,0.999996,0.999996,-0.000361,0.003940
0.000000,-0.002989,-0.002989,-0.002989,-0.120620,0.992691
0.000000,0.480797,0.274299,0.073460,0.000009,-0.000000
-0.480795,-0.000050,-0.000472,-0.000027,-0.073999,-0.000000
0.001509,-0.016881,-0.157800,-0.008926,0.000293,0.000000
78
1.000000,0.000000,0.000000,0.000000,0.992691,0.120682
0.000000,1.000000,1.000000,1.000000,-0.000111,0.005527
0.000000,-0.000918,-0.000918,-0.000918,-0.120683,0.992676
0.000000,0.480099,0.273878,0.073458,0.000041,-0.000000
-0.480099,-0.000016,-0.000145,-0.000008,-0.073999,0.000000
0.000782,-0.017045,-0.158370,-0.008930,0.000407,-0.000000
79
1.000000,0.000000,0.000000,0.000000,0.992348,0.123475
0.000000,0.999995,0.999995,0.999995,-0.000372,0.003969
0.000000,-0.003016,-0.003016,-0.003016,-0.123475,0.992340
0.000000,0.479838,0.273843,0.073434,0.000009,0.000000
-0.479835,-0.000051,-0.000478,-0.000028,-0.073999,0.000000
0.001519,-0.016934,-0.158589,-0.009137,0.000295,-0.000000
80
1.000000,0.000000,0.000000,0.000000,0.992340,0.123532
0.000000,1.000000,1.000000,1.000000,-0.000115,0.005569
0.000000,-0.000930,-0.000930,-0.000930,-0.123533,0.992325
0.000000,0.479133,0.273420,0.073432,0.000042,0.000000
-0.479132,-0.000016,-0.000148,-0.000009,-0.073999,-0.000000
0.000790,-0.017093,-0.159158,-0.009141,0.000410,-0.000000
81
1.000000,0.000000,0.000000,0.000000,0.991981,0.126388
0.000000,0.999995,0.999995,0.999995,-0.000385,0.003999
0.000000,-0.003042,-0.003042,-0.003042,-0.126388,0.991973
0.000000,0.478855,0.273376,0.073407,0.000009,0.000000
-0.478852,-0.000052,-0.000485,-0.000028,-0.073999,-0.000000
0.001529,-0.016991,-0.159393,-0.009353,0.000297,0.000000
82
1.000000,0.000000,0.000000,0.000000,0.991974,0.126440
0.000000,1.000000,1.000000,1.000000,-0.000119,0.005610
0.000000,-0.000943,-0.000943,-0.000943,-0.126441,0.991958
0.000000,0.478143,0.272951,0.073405,0.000044,0.000000
-0.478143,-0.000016,-0.000151,-0.000009,-0.073999,-0.000000
0.000797,-0.017145,-0.159960,-0.009357,0.000413,0.000000
83
1.000000,0.000000,0.000000,0.000000,0.991598,0.129359
0.000000,0.999995,0.999995,0.999995,-0.000397,0.004029
0.000000,-0.003069,-0.003069,-0.003069,-0.129359,0.991590
0.000000,0.477848,0.272897,0.073378,0.000009,0.000000
-0.477846,-0.000052,-0.000492,-0.000029,-0.073999,0.000000
0.001539,-0.017051,-0.160211,-0.009573,0.000299,-0.000000
84
1.000000,0.000000,0.000000,0.000000,0.991591,0.129407
0.000000,1.000000,1.000000,1.000000,-0.000124,0.005652
0.000000,-0.000955,-0.000955,-0.000955,-0.129408,0.991576
0.000000,0.477130,0.272470,0.073377,0.000045,0.000000
-0.477129,-0.000016,-0.000154,-0.000009,-0.073999,-0.000000
0.000804,-0.017201,-0.160778,-0.009576,0.000416,0.000000
85
1.000000,0.000000,0.000000,0.000000,0.991198,0.132388
0.000000,0.999995,0.999995,0.999995,-0.000410,0.004058
0.000000,-0.003096,-0.003096,-0.003096,-0.132388,0.991190
0.000000,0.476818,0.272406,0.073349,0.000010,0.000000
-0.476815,-0.000053,-0.000499,-0.000030,-0.073999,0.000000
0.001549,-0.017116,-0.161045,-0.009797,0.000302,-0.000000
86
1.000000,0.000000,0.000000,0.000000,0.991192,0.132431
0.000000,1.000000,1.000000,1.000000,-0.000128,0.005694
0.000000,-0.000967,-0.000967,-0.000967,-0.132433,0.991176
0.000000,0.476093,0.271977,0.073347,0.000046,0.000000
-0.476092,-0.000017,-0.000156,-0.000009,-0.073999,0.000000
0.000811,-0.017261,-0.161610,-0.009800,0.000419,-0.000000
87
1.000000,0.000000,0.000000,0.000000,0.990781,0.135475
0.000000,0.999995,0.999995,0.999995,-0.000423,0.004086
0.000000,-0.003123,-0.003123,-0.003123,-0.135474,0.990772
0.000000,0.475764,0.271902,0.073318,0.000010,0.000000
-0.475761,-0.000054,-0.000506,-0.000031,-0.073999,0.000000
0.001559,-0.017185,-0.161893,-0.010025,0.000304,-0.000000
88
1.000000,0.000000,0.000000,0.000000,0.990775,0.135513
0.000000,1.000000,1.000000,1.000000,-0.000133,0.005736
0.000000,-0.000980,-0.000980,-0.000980,-0.135515,0.990759
0.000000,0.475032,0.271472,0.073317,0.000048,0.000000
-0.475031,-0.000017,-0.000159,-0.000010,-0.073999,-0.000000
0.000818,-0.017325,-0.162457,-0.010028,0.000422,0.000000
89
1.000000,0.000000,0.000000,0.000000,0.990346,0.138619
0.000000,0.999995,0.999995,0.999995,-0.000437,0.004115
0.000000,-0.003149,-0.003149,-0.003149,-0.138618,0.990337
0.000000,0.474685,0.271387,0.073286,0.000010,0.000000
-0.474683,-0.000054,-0.000513,-0.000032,-0.073999,-0.000000
0.001569,-0.017258,-0.162756,-0.010258,0.000306,-0.000000
90
1.000000,0.000000,0.000000,0.000000,0.990341,0.138653
0.000000,1.000000,1.000000,1.000000,-0.000138,0.005779
0.000000,-0.000992,-0.000992,-0.000992,-0.138654,0.990324
0.000000,0.473947,0.270955,0.073284,0.000049,-0.000000
-0.473947,-0.000017,-0.000162,-0.000010,-0.073999,0.000000
0.000825,-0.017393,-0.163317,-0.010260,0.000425,-0.000000
91
1.000000,0.000000,0.000000,0.000000,0.989892,0.141820
0.000000,0.999995,0.999995,0.999995,-0.000450,0.004142
0.000000,-0.003176,-0.003176,-0.003176,-0.141819,0.989884
0.000000,0.473583,0.270859,0.073252,0.000010,0.000000
-0.473580,-0.000055,-0.000520,-0.000033,-0.073999,-0.000000
0.001578,-0.017336,-0.163633,-0.010495,0.000308,0.000000
92
1.000000,0.000000,0.000000,0.000000,0.989888,0.141849
0.000000,0.999999,0.999999,0.999999,-0.000143,0.005822
0.000000,-0.001005,-0.001005,-0.001005,-0.141851,0.989871
0.000000,0.472838,0.270425,0.073251,0.000051,0.000000
-0.472838,-0.000018,-0.000165,-0.000011,-0.073999,-0.000000
0.000832,-0.017465,-0.164192,-0.010497,0.000428,-0.000000
93
1.000000,0.000000,0.000000,0.000000,0.989420,0.145077
0.000000,0.999995,0.999995,0.999995,-0.000465,0.004170
0.000000,-0.003203,-0.003203,-0.003203,-0.145077,0.989412
0.000000,0.472456,0.270318,0.073217,0.000011,-0.000000
-0.472453,-0.000056,-0.000527,-0.000034,-0.073999,0.000000
0.001587,-0.017418,-0.164524,-0.010736,0.000310,-0.000000
94
1.000000,0.000000,0.000000,0.000000,0.989416,0.145103
0.000000,0.999999,0.999999,0.999999,-0.000148,0.005866
0.000000,-0.001018,-0.001018,-0.001018,-0.145104,0.989399
0.000000,0.471705,0.269883,0.073216,0.000052,0.000000
-0.471704,-0.000018,-0.000168,-0.000011,-0.073999,-0.000000
0.000840,-0.017542,-0.165081,-0.010738,0.000431,0.000000
95
1.000000,0.000000,0.000000,0.000000,0.988929,0.148391
0.000000,0.999995,0.999995,0.999995,-0.000479,0.004197
0.000000,-0.003229,-0.003229,-0.003229,-0.148390,0.988920
0.000000,0.471305,0.269765,0.073181,0.000011,0.000000
-0.471302,-0.000057,-0.000534,-0.000035,-0.073999,0.000000
0.001596,-0.017504,-0.165429,-0.010981,0.000312,-0.000000
96
1.000000,0.000000,0.000000,0.000000,0.988925,0.148412
0.000000,0.999999,0.999999,0.999999,-0.000153,0.005909
0.000000,-0.001031,-0.001031,-0.001031,-0.148414,0.988908
0.000000,0.470547,0.269329,0.073180,0.000054,-0.000000
-0.470547,-0.000018,-0.000171,-0.000011,-0.073999,-0.000000
0.000847,-0.017622,-0.165984,-0.010983,0.000434,0.000000
97
1.000000,0.000000,0.000000,0.000000,0.988417,0.151761
0.000000,0.999995,0.999995,0.999995,-0.000494,0.004223
0.000000,-0.003256,-0.003256,-0.003256,-0.151760,0.988408
0.000000,0.470128,0.269200,0.073143,0.000011,0.000000
-0.470126,-0.000057,-0.000542,-0.000037,-0.073999,-0.000000
0.001605,-0.017595,-0.166348,-0.011230,0.000314,0.000000
98
1.000000,0.000000,0.000000,0.000000,0.988414,0.151778
0.000000,0.999999,0.999999,0.999999,-0.000158,0.005953
0.000000,-0.001044,-0.001044,-0.001044,-0.151780,0.988397
0.000000,0.469365,0.268762,0.073142,0.000055,0.000000
-0.469364,-0.000018,-0.000174,-0.000012,-0.073999,0.000000
0.000854,-0.017708,-0.166900,-0.011232,0.000437,-0.000000
99
1.000000,0.000000,0.000000,0.000000,0.987885,0.155187
0.000000,0.999995,0.999995,0.999995,-0.000509,0.004249
0.000000,-0.003282,-0.003282,-0.003282,-0.155186,0.987876
0.000000,0.468927,0.268621,0.073103,0.000012,0.000000
-0.468924,-0.000058,-0.000549,-0.000038,-0.073999,-0.000000
0.001614,-0.017691,-0.167281,-0.011484,0.000316,0.000000
100
1.000000,0.000000,0.000000,0.000000,0.987883,0.155200
0.000000,0.999999,0.999999,0.999999,-0.000164,0.005997
0.000000,-0.001056,-0.001056,-0.001056,-0.155202,0.987865
0.000000,0.468158,0.268182,0.073102,0.000057,0.000000
-0.468157,-0.000019,-0.000177,-0.000012,-0.073999,-0.000000
0.000861,-0.017798,-0.167830,-0.011485,0.000440,0.000000
101
1.000000,0.000000,0.000000,0.000000,0.987332,0.158668
0.000000,0.999995,0.999995,0.999995,-0.000525,0.004274
0.000000,-0.003309,-0.003309,-0.003309,-0.158667,0.987323
0.000000,0.467701,0.268029,0.073063,0.000012,0.000000
-0.467698,-0.000059,-0.000557,-0.000039,-0.073999,0.000000
0.001622,-0.017791,-0.168227,-0.011741,0.000318,-0.000000
102
1.000000,0.000000,0.000000,0.000000,0.987330,0.158677
0.000000,0.999999,0.999999,0.999999,-0.000170,0.006041
0.000000,-0.001069,-0.001069,-0.001069,-0.158679,0.987312
0.000000,0.466926,0.267589,0.073062,0.000059,0.000000
-0.466925,-0.000019,-0.000180,-0.000013,-0.073999,0.000000
0.000868,-0.017893,-0.168774,-0.011742,0.000443,0.000000
103
1.000000,0.000000,0.000000,0.000000,0.986757,0.162204
0.000000,0.999994,0.999994,0.999994,-0.000541,0.004299
0.000000,-0.003335,-0.003335,-0.003335,-0.162203,0.986748
0.000000,0.466450,0.267424,0.073020,0.000012,-0.000000
-0.466447,-0.000060,-0.000564,-0.000040,-0.073999,0.000000
0.001630,-0.017897,-0.169187,-0.012003,0.000320,-0.000000
104
1.000000,0.000000,0.000000,0.000000,0.986756,0.162210
0.000000,0.999999,0.999999,0.999999,-0.000176,0.006085
0.000000,-0.001082,-0.001082,-0.001082,-0.162212,0.986738
0.000000,0.465668,0.266984,0.073019,0.000060,0.000000
-0.465668,-0.000019,-0.000184,-0.000013,-0.073999,-0.000000
0.000875,-0.017993,-0.169730,-0.012004,0.000446,0.000000
105
1.000000,0.000000,0.000000,0.000000,0.986160,0.165796
0.000000,0.999994,0.999994,0.999994,-0.000557,0.004323
0.000000,-0.003361,-0.003361,-0.003361,-0.165795,0.986151
0.000000,0.465173,0.266806,0.072976,0.000012,0.000000
-0.465170,-0.000061,-0.000572,-0.000041,-0.073999,-0.000000
0.001638,-0.018007,-0.170160,-0.012269,0.000322,0.000000
106
1.000000,0.000000,0.000000,0.000000,0.986159,0.165798
0.000000,0.999999,0.999999,0.999999,-0.000182,0.006130
0.000000,-0.001095,-0.001095,-0.001095,-0.165800,0.986141
0.000000,0.464386,0.266365,0.072975,0.000062,-0.000000
-0.464385,-0.000020,-0.000187,-0.000013,-0.073999,-0.000000
0.000882,-0.018097,-0.170700,-0.012269,0.000450,0.000000
107
1.000000,0.000000,0.000000,0.000000,0.985540,0.169442
0.000000,0.999994,0.999994,0.999994,-0.000574,0.004347
0.000000,-0.003387,-0.003387,-0.003387,-0.169441,0.985531
0.000000,0.463870,0.266175,0.072930,0.000013,0.000000
-0.463867,-0.000061,-0.000580,-0.000042,-0.073999,-0.000000
0.001646,-0.018122,-0.171146,-0.012539,0.000324,0.000000
108
1.000000,0.000000,0.000000,0.000000,0.985540,0.169440
0.000000,0.999999,0.999999,0.999999,-0.000188,0.006174
0.000000,-0.001108,-0.001108,-0.001108,-0.169442,0.985521
0.000000,0.463077,0.265732,0.072929,0.000064,0.000000
-0.463077,-0.000020,-0.000190,-0.000014,-0.073999,-0.000000
0.000889,-0.018207,-0.171683,-0.012539,0.000453,0.000000
109
1.000000,0.000000,0.000000,0.000000,0.984897,0.173143
0.000000,0.999994,0.999994,0.999994,-0.000591,0.004370
0.000000,-0.003413,-0.003413,-0.003413,-0.173142,0.984887
0.000000,0.462542,0.265529,0.072882,0.000013,-0.000000
-0.462539,-0.000062,-0.000588,-0.000044,-0.073999,-0.000000
0.001653,-0.018243,-0.172145,-0.012812,0.000326,0.000000
110
1.000000,0.000000,0.000000,0.000000,0.984897,0.173138
0.000000,0.999999,0.999999,0.999999,-0.000194,0.006219
0.000000,-0.001121,-0.001121,-0.001121,-0.173140,0.984878
0.000000,0.461744,0.265087,0.072881,0.000066,0.000000
-0.461743,-0.000021,-0.000194,-0.000014,-0.073999,0.000000
0.000896,-0.018321,-0.172678,-0.012812,0.000456,-0.000000
111
1.000000,0.000000,0.000000,0.000000,0.984229,0.176898
0.000000,0.999994,0.999994,0.999994,-0.000608,0.004393
0.000000,-0.003439,-0.003439,-0.003439,-0.176897,0.984219
0.000000,0.461187,0.264871,0.072833,0.000013,-0.000000
-0.461184,-0.000063,-0.000595,-0.000045,-0.073999,-0.000000
0.001660,-0.018368,-0.173157,-0.013090,0.000328,0.000000
112
1.000000,0.000000,0.000000,0.000000,0.984230,0.176890
0.000000,0.999999,0.999999,0.999999,-0.000201,0.006263
0.000000,-0.001134,-0.001134,-0.001134,-0.176892,0.984211
0.000000,0.460384,0.264428,0.072832,0.000067,0.000000
-0.460383,-0.000021,-0.000197,-0.000015,-0.073999,0.000000
0.000903,-0.018441,-0.173686,-0.013090,0.000459,-0.000000
113
1.000000,0.000000,0.000000,0.000000,0.983537,0.180707
0.000000,0.999994,0.999994,0.999994,-0.000626,0.004415
0.000000,-0.003464,-0.003464,-0.003464,-0.180706,0.983527
0.000000,0.459807,0.264198,0.072782,0.000013,-0.000000
-0.459804,-0.000064,-0.000603,-0.000046,-0.073999,0.000000
0.001667,-0.018499,-0.174181,-0.013372,0.000330,-0.000000
114
1.000000,0.000000,0.000000,0.000000,0.983539,0.180696
0.000000,0.999999,0.999999,0.999999,-0.000207,0.006308
0.000000,-0.001147,-0.001147,-0.001147,-0.180699,0.983519
0.000000,0.458998,0.263755,0.072781,0.000069,0.000000
-0.458997,-0.000021,-0.000200,-0.000015,-0.073999,0.000000
0.000910,-0.018566,-0.174707,-0.013372,0.000462,-0.000000
115
1.000000,0.000000,0.000000,0.000000,0.982819,0.184570
0.000000,0.999994,0.999994,0.999994,-0.000644,0.004436
0.000000,-0.003490,-0.003490,-0.003490,-0.184569,0.982809
0.000000,0.458400,0.263511,0.072729,0.000014,0.000000
-0.458397,-0.000065,-0.000611,-0.000048,-0.073999,0.000000
0.001674,-0.018636,-0.175218,-0.013658,0.000331,0.000000
116
1.000000,0.000000,0.000000,0.000000,0.982821,0.184556
0.000000,0.999999,0.999999,0.999999,-0.000214,0.006353
0.000000,-0.001159,-0.001159,-0.001159,-0.184559,0.982801
0.000000,0.457586,0.263068,0.072728,0.000071,0.000000
-0.457585,-0.000022,-0.000204,-0.000016,-0.073999,-0.000000
0.000916,-0.018696,-0.175739,-0.013657,0.000465,0.000000
117
1.000000,0.000000,0.000000,0.000000,0.982076,0.188486
0.000000,0.999994,0.999994,0.999994,-0.000663,0.004457
0.000000,-0.003515,-0.003515,-0.003515,-0.188485,0.982066
0.000000,0.456966,0.262810,0.072674,0.000014,0.000000
-0.456963,-0.000066,-0.000620,-0.000049,-0.073999,-0.000000
0.001681,-0.018778,-0.176268,-0.013948,0.000333,0.000000
118
